#OTU ID	Top2	Fine2	Top3	Fine3	Top4	Fine4
OTU_1	3889.0	2243.0	9672.0	37222.0	2540.0	49282.0
OTU_2	369.0	1283.0	8915.0	277.0	11665.0	286.0
OTU_3	10319.0	3767.0	1676.0	1223.0	6559.0	276.0
OTU_4	14.0	36.0	523.0	17.0	222.0	488.0
OTU_5	156.0	5740.0	193.0	2639.0	184.0	495.0
OTU_6	219.0	255.0	8015.0	129.0	5.0	98.0
OTU_7	89.0	183.0	69.0	76.0	32.0	177.0
OTU_8	255.0	5908.0	667.0	1021.0	787.0	252.0
OTU_9	233.0	118.0	283.0	325.0	440.0	766.0
OTU_10	1612.0	439.0	1082.0	236.0	527.0	1984.0
OTU_11	55.0	3762.0	66.0	245.0	95.0	21.0
OTU_12	72.0	1578.0	139.0	2190.0	135.0	290.0
OTU_13	149.0	1845.0	66.0	136.0	98.0	106.0
OTU_14	47.0	1689.0	60.0	92.0	119.0	86.0
OTU_15	38.0	66.0	100.0	76.0	46.0	90.0
OTU_16	1146.0	370.0	652.0	210.0	1111.0	43.0
OTU_17	1495.0	441.0	446.0	261.0	879.0	34.0
OTU_18	887.0	642.0	917.0	515.0	978.0	107.0
OTU_19	1474.0	187.0	853.0	174.0	752.0	29.0
OTU_20	155.0	114.0	113.0	740.0	173.0	13.0
OTU_21	19.0	386.0	52.0	709.0	66.0	61.0
OTU_22	70.0	45.0	1193.0	41.0	2.0	0.0
OTU_23	45.0	114.0	25.0	161.0	17.0	51.0
OTU_24	800.0	207.0	587.0	305.0	87.0	18.0
OTU_25	159.0	3451.0	269.0	989.0	129.0	364.0
OTU_26	37.0	184.0	153.0	193.0	164.0	19.0
OTU_27	15.0	64.0	82.0	172.0	417.0	5.0
OTU_28	3.0	53.0	54.0	4.0	646.0	11.0
OTU_29	602.0	117.0	40.0	37.0	164.0	5.0
OTU_30	31.0	66.0	627.0	72.0	50.0	1.0
OTU_31	20.0	15.0	4.0	13.0	6.0	14.0
OTU_32	15.0	28.0	22.0	14.0	3.0	42.0
OTU_33	694.0	76.0	10.0	12.0	56.0	6.0
OTU_34	66.0	237.0	302.0	305.0	311.0	47.0
OTU_35	20.0	67.0	727.0	48.0	1.0	0.0
OTU_36	645.0	555.0	55.0	226.0	38.0	64.0
OTU_37	7.0	12.0	12.0	6.0	1.0	21.0
OTU_38	11.0	386.0	13.0	110.0	11.0	14.0
OTU_39	19.0	478.0	23.0	212.0	20.0	51.0
OTU_40	13.0	17.0	6.0	3.0	0.0	14.0
OTU_41	152.0	262.0	444.0	177.0	17.0	20.0
OTU_42	65.0	57.0	259.0	49.0	130.0	7.0
OTU_43	10.0	23.0	9.0	8.0	0.0	11.0
OTU_44	117.0	25.0	78.0	16.0	145.0	10.0
OTU_45	77.0	45.0	108.0	53.0	138.0	6.0
OTU_46	13.0	22.0	13.0	21.0	313.0	9.0
OTU_47	4.0	6.0	5.0	1.0	1.0	4.0
OTU_48	416.0	203.0	114.0	90.0	256.0	16.0
OTU_49	12.0	257.0	9.0	19.0	5.0	12.0
OTU_50	67.0	251.0	42.0	55.0	14.0	14.0
OTU_51	6.0	42.0	107.0	13.0	34.0	7.0
OTU_52	287.0	28.0	34.0	10.0	83.0	7.0
OTU_53	7.0	9.0	150.0	35.0	77.0	2.0
OTU_54	11.0	270.0	7.0	26.0	15.0	5.0
OTU_55	181.0	10.0	65.0	10.0	0.0	0.0
OTU_56	96.0	19.0	47.0	38.0	70.0	0.0
OTU_57	4.0	12.0	7.0	7.0	0.0	26.0
OTU_58	16.0	343.0	25.0	240.0	312.0	59.0
OTU_59	2.0	196.0	6.0	29.0	13.0	10.0
OTU_60	170.0	31.0	114.0	41.0	58.0	4.0
OTU_61	43.0	29.0	37.0	11.0	152.0	5.0
OTU_62	7.0	6.0	12.0	7.0	2.0	11.0
OTU_63	3.0	187.0	4.0	4.0	3.0	3.0
OTU_64	7.0	147.0	5.0	54.0	3.0	14.0
OTU_65	35.0	34.0	72.0	18.0	96.0	4.0
OTU_66	247.0	15.0	3.0	9.0	34.0	2.0
OTU_67	37.0	164.0	15.0	88.0	7.0	18.0
OTU_68	1.0	27.0	25.0	13.0	239.0	3.0
OTU_70	11.0	209.0	2.0	27.0	5.0	9.0
OTU_71	59.0	60.0	29.0	22.0	28.0	4.0
OTU_72	1.0	145.0	2.0	7.0	5.0	2.0
OTU_73	33.0	18.0	63.0	15.0	95.0	4.0
OTU_74	0.0	129.0	3.0	23.0	3.0	23.0
OTU_75	28.0	104.0	11.0	51.0	5.0	26.0
OTU_76	180.0	24.0	4.0	5.0	67.0	0.0
OTU_77	14.0	55.0	30.0	36.0	51.0	6.0
OTU_78	435.0	99.0	104.0	57.0	195.0	16.0
OTU_79	49.0	34.0	78.0	32.0	5.0	0.0
OTU_80	182.0	46.0	15.0	24.0	6.0	1.0
OTU_81	3.0	3.0	4.0	2.0	10.0	473.0
OTU_82	4.0	31.0	14.0	7.0	6.0	5.0
OTU_83	7.0	3.0	4.0	3.0	2.0	8.0
OTU_84	6.0	15.0	112.0	8.0	2.0	1.0
OTU_85	10.0	351.0	12.0	124.0	17.0	20.0
OTU_86	8.0	149.0	99.0	90.0	18.0	15.0
OTU_87	24.0	75.0	23.0	19.0	100.0	9.0
OTU_88	6.0	113.0	4.0	2.0	5.0	0.0
OTU_89	91.0	28.0	60.0	31.0	12.0	1.0
OTU_90	12.0	27.0	116.0	31.0	5.0	1.0
OTU_91	0.0	6.0	4.0	5.0	177.0	2.0
OTU_92	18.0	35.0	26.0	5.0	103.0	3.0
OTU_93	227.0	425.0	262.0	102.0	302.0	4623.0
OTU_94	76.0	69.0	20.0	46.0	14.0	4.0
OTU_95	0.0	11.0	34.0	10.0	85.0	2.0
OTU_96	0.0	2.0	3.0	1.0	0.0	3.0
OTU_97	37.0	21.0	43.0	28.0	29.0	2.0
OTU_98	11.0	32.0	99.0	35.0	5.0	6.0
OTU_99	60.0	37.0	36.0	8.0	21.0	2.0
OTU_100	46.0	22.0	32.0	16.0	52.0	0.0
OTU_101	35.0	11.0	27.0	3.0	31.0	1.0
OTU_102	13.0	60.0	37.0	39.0	7.0	1.0
OTU_103	1.0	4.0	0.0	4.0	0.0	4.0
OTU_104	97.0	59.0	56.0	16.0	17.0	2.0
OTU_105	69.0	33.0	42.0	18.0	6.0	2.0
OTU_106	8.0	1.0	2.0	3.0	0.0	2.0
OTU_107	21.0	34.0	12.0	28.0	9.0	9.0
OTU_108	26.0	52.0	14.0	2.0	17.0	2.0
OTU_109	59.0	11.0	33.0	9.0	15.0	0.0
OTU_110	1.0	7.0	16.0	5.0	62.0	0.0
OTU_111	92.0	5.0	9.0	0.0	1.0	0.0
OTU_112	2.0	30.0	37.0	49.0	24.0	8.0
OTU_113	2.0	68.0	8.0	35.0	1.0	7.0
OTU_114	42.0	10.0	2.0	4.0	21.0	1.0
OTU_115	12.0	9.0	19.0	11.0	42.0	2.0
OTU_116	26.0	50.0	5.0	7.0	9.0	1.0
OTU_117	6.0	2.0	6.0	2.0	5.0	3.0
OTU_118	45.0	186.0	15.0	11.0	11.0	26.0
OTU_119	13.0	0.0	12.0	0.0	5.0	1.0
OTU_120	6.0	5.0	2.0	6.0	1.0	9.0
OTU_121	26.0	29.0	25.0	24.0	54.0	5.0
OTU_122	25.0	4.0	53.0	10.0	9.0	1.0
OTU_123	30.0	15.0	16.0	6.0	12.0	4.0
OTU_124	6.0	2.0	7.0	5.0	0.0	6.0
OTU_125	13.0	28.0	17.0	14.0	15.0	3.0
OTU_126	3.0	2.0	59.0	13.0	0.0	0.0
OTU_127	2.0	0.0	0.0	1.0	1.0	1.0
OTU_128	14.0	22.0	13.0	17.0	6.0	5.0
OTU_129	3.0	10.0	19.0	33.0	8.0	0.0
OTU_131	47.0	13.0	24.0	7.0	34.0	0.0
OTU_132	0.0	11.0	14.0	2.0	39.0	3.0
OTU_133	8.0	21.0	44.0	8.0	13.0	52.0
OTU_134	0.0	59.0	1.0	35.0	1.0	1.0
OTU_135	11.0	19.0	18.0	10.0	31.0	2.0
OTU_136	4.0	73.0	3.0	21.0	11.0	12.0
OTU_137	13.0	93.0	3.0	49.0	7.0	29.0
OTU_138	7.0	44.0	53.0	15.0	115.0	7.0
OTU_139	85.0	151.0	110.0	261.0	223.0	45.0
OTU_140	12.0	8.0	37.0	7.0	19.0	0.0
OTU_141	71.0	44.0	14.0	21.0	1.0	0.0
OTU_142	8.0	28.0	55.0	19.0	103.0	4.0
OTU_143	1.0	1.0	3.0	1.0	0.0	3.0
OTU_144	6.0	13.0	7.0	7.0	18.0	1.0
OTU_145	3.0	2.0	4.0	1.0	0.0	1.0
OTU_146	2.0	74.0	5.0	30.0	0.0	0.0
OTU_147	2.0	39.0	2.0	16.0	3.0	4.0
OTU_148	14.0	25.0	7.0	5.0	15.0	0.0
OTU_149	7.0	1.0	4.0	0.0	1.0	4.0
OTU_150	33.0	8.0	54.0	14.0	6.0	1.0
OTU_151	2.0	0.0	2.0	0.0	15.0	1.0
OTU_152	37.0	8.0	9.0	6.0	9.0	0.0
OTU_153	41.0	6.0	43.0	0.0	1.0	3.0
OTU_154	4.0	23.0	47.0	31.0	2.0	10.0
OTU_155	9.0	7.0	50.0	36.0	12.0	0.0
OTU_156	179.0	223.0	53.0	77.0	186.0	37.0
OTU_157	0.0	16.0	2.0	8.0	20.0	0.0
OTU_158	2.0	0.0	0.0	0.0	0.0	1.0
OTU_159	45.0	1.0	2.0	2.0	0.0	0.0
OTU_160	0.0	50.0	0.0	0.0	2.0	0.0
OTU_161	80.0	148.0	45.0	23.0	30.0	3.0
OTU_162	38.0	1.0	0.0	0.0	0.0	0.0
OTU_163	3.0	0.0	0.0	3.0	2.0	4.0
OTU_164	0.0	7.0	4.0	0.0	2.0	2.0
OTU_165	0.0	3.0	23.0	4.0	6.0	3.0
OTU_166	20.0	14.0	1.0	2.0	5.0	0.0
OTU_167	2.0	1.0	2.0	2.0	1.0	0.0
OTU_168	7.0	19.0	3.0	25.0	1.0	1.0
OTU_169	38.0	38.0	25.0	13.0	12.0	0.0
OTU_170	0.0	35.0	0.0	0.0	2.0	0.0
OTU_171	31.0	8.0	23.0	2.0	0.0	0.0
OTU_172	0.0	3.0	3.0	30.0	3.0	2.0
OTU_173	349.0	506.0	677.0	621.0	228.0	943.0
OTU_174	5.0	7.0	18.0	10.0	0.0	1.0
OTU_175	7.0	34.0	4.0	4.0	6.0	1.0
OTU_176	0.0	35.0	1.0	18.0	0.0	0.0
OTU_177	2.0	25.0	13.0	29.0	0.0	1.0
OTU_178	1.0	7.0	1.0	0.0	1.0	0.0
OTU_179	0.0	0.0	0.0	0.0	0.0	0.0
OTU_180	93.0	143.0	152.0	70.0	40.0	12.0
OTU_181	0.0	0.0	1.0	0.0	0.0	2.0
OTU_182	7.0	30.0	18.0	20.0	11.0	5.0
OTU_183	11.0	3.0	13.0	4.0	11.0	0.0
OTU_184	4.0	14.0	8.0	5.0	13.0	1.0
OTU_186	3.0	1.0	23.0	4.0	12.0	0.0
OTU_187	1.0	2.0	12.0	18.0	4.0	1.0
OTU_188	14.0	9.0	31.0	3.0	16.0	0.0
OTU_189	33.0	16.0	54.0	34.0	22.0	2.0
OTU_190	0.0	12.0	2.0	0.0	16.0	1.0
OTU_191	1.0	8.0	3.0	4.0	0.0	4.0
OTU_192	31.0	4.0	0.0	1.0	2.0	0.0
OTU_193	0.0	3.0	2.0	0.0	23.0	0.0
OTU_194	0.0	27.0	2.0	4.0	1.0	3.0
OTU_195	17.0	9.0	0.0	2.0	11.0	0.0
OTU_196	14.0	10.0	1.0	1.0	1.0	0.0
OTU_197	2.0	162.0	5.0	59.0	5.0	8.0
OTU_198	4.0	11.0	3.0	5.0	2.0	0.0
OTU_199	5.0	7.0	12.0	5.0	6.0	1.0
OTU_200	9.0	10.0	35.0	10.0	17.0	2.0
OTU_201	370.0	272.0	56.0	93.0	83.0	30.0
OTU_202	1.0	5.0	1.0	2.0	26.0	3.0
OTU_203	0.0	1.0	12.0	11.0	2.0	0.0
OTU_204	1.0	3.0	1.0	0.0	0.0	1.0
OTU_205	2.0	1.0	3.0	0.0	1.0	1.0
OTU_206	6.0	3.0	14.0	7.0	3.0	1.0
OTU_207	41.0	20.0	13.0	5.0	5.0	0.0
OTU_208	1.0	3.0	2.0	4.0	20.0	0.0
OTU_209	3.0	17.0	26.0	17.0	8.0	4.0
OTU_210	4.0	5.0	2.0	6.0	11.0	0.0
OTU_211	1.0	1.0	19.0	3.0	0.0	0.0
OTU_212	13.0	14.0	26.0	19.0	17.0	2.0
OTU_213	0.0	9.0	0.0	18.0	0.0	0.0
OTU_214	44.0	118.0	1443.0	48.0	5.0	1.0
OTU_215	3.0	15.0	1.0	2.0	2.0	0.0
OTU_216	0.0	3.0	2.0	15.0	0.0	1.0
OTU_217	3.0	0.0	0.0	2.0	0.0	1.0
OTU_218	21.0	0.0	0.0	0.0	0.0	0.0
OTU_219	4.0	83.0	1.0	6.0	2.0	16.0
OTU_220	29.0	60.0	14.0	7.0	25.0	1.0
OTU_221	1.0	6.0	2.0	16.0	2.0	0.0
OTU_222	3.0	0.0	2.0	3.0	2.0	1.0
OTU_223	2.0	9.0	6.0	7.0	13.0	0.0
OTU_224	93.0	112.0	73.0	128.0	21.0	258.0
OTU_225	0.0	8.0	2.0	3.0	1.0	6.0
OTU_226	4.0	1.0	9.0	4.0	0.0	0.0
OTU_227	0.0	2.0	1.0	5.0	0.0	0.0
OTU_228	2.0	0.0	1.0	0.0	1.0	1.0
OTU_229	0.0	0.0	1.0	2.0	0.0	0.0
OTU_230	0.0	0.0	21.0	2.0	0.0	0.0
OTU_231	0.0	13.0	11.0	9.0	3.0	8.0
OTU_232	0.0	7.0	1.0	1.0	0.0	1.0
OTU_233	1.0	0.0	7.0	1.0	11.0	0.0
OTU_234	1.0	16.0	0.0	0.0	0.0	0.0
OTU_235	2.0	2.0	1.0	2.0	0.0	1.0
OTU_236	5.0	12.0	7.0	8.0	5.0	2.0
OTU_237	5.0	4.0	0.0	3.0	17.0	0.0
OTU_238	12.0	2.0	2.0	1.0	2.0	0.0
OTU_239	2.0	0.0	0.0	1.0	1.0	1.0
OTU_240	43.0	4.0	9.0	2.0	33.0	2.0
OTU_241	1.0	21.0	0.0	10.0	0.0	2.0
OTU_242	14.0	2.0	0.0	4.0	17.0	0.0
OTU_243	1.0	9.0	0.0	0.0	0.0	0.0
OTU_244	8.0	11.0	1.0	0.0	0.0	0.0
OTU_245	5.0	23.0	0.0	13.0	5.0	2.0
OTU_246	14.0	5.0	1.0	1.0	2.0	0.0
OTU_247	2.0	3.0	2.0	11.0	5.0	0.0
OTU_248	7.0	13.0	15.0	15.0	12.0	0.0
OTU_249	2.0	2.0	3.0	3.0	12.0	1.0
OTU_250	0.0	7.0	0.0	10.0	2.0	0.0
OTU_251	0.0	17.0	1.0	0.0	0.0	0.0
OTU_252	1.0	15.0	4.0	1.0	2.0	0.0
OTU_253	2.0	11.0	3.0	2.0	2.0	1.0
OTU_254	1.0	26.0	3.0	9.0	7.0	1.0
OTU_255	11.0	11.0	4.0	7.0	0.0	1.0
OTU_256	1.0	2.0	1.0	1.0	0.0	0.0
OTU_257	0.0	5.0	0.0	6.0	1.0	0.0
OTU_258	0.0	7.0	1.0	8.0	4.0	3.0
OTU_259	1.0	0.0	0.0	0.0	0.0	0.0
OTU_260	0.0	0.0	0.0	1.0	0.0	1.0
OTU_261	2.0	2.0	3.0	3.0	4.0	0.0
OTU_262	0.0	0.0	0.0	0.0	0.0	0.0
OTU_263	3.0	2.0	4.0	17.0	1.0	23.0
OTU_264	1.0	3.0	7.0	3.0	0.0	0.0
OTU_265	1.0	0.0	0.0	1.0	0.0	0.0
OTU_266	1.0	2.0	5.0	5.0	0.0	0.0
OTU_267	1.0	0.0	2.0	0.0	1.0	2.0
OTU_268	2.0	10.0	6.0	7.0	2.0	1.0
OTU_269	0.0	10.0	1.0	1.0	1.0	0.0
OTU_270	189.0	373.0	42.0	66.0	652.0	14.0
OTU_271	0.0	14.0	1.0	1.0	0.0	0.0
OTU_272	2.0	6.0	0.0	1.0	1.0	0.0
OTU_273	1.0	0.0	0.0	6.0	0.0	0.0
OTU_274	0.0	1.0	7.0	4.0	0.0	0.0
OTU_275	1.0	7.0	1.0	2.0	1.0	0.0
OTU_276	0.0	7.0	0.0	3.0	0.0	1.0
OTU_277	1.0	1.0	0.0	0.0	1.0	1.0
OTU_278	3.0	1.0	13.0	0.0	0.0	0.0
OTU_279	0.0	0.0	1.0	0.0	0.0	0.0
OTU_280	7.0	11.0	0.0	2.0	4.0	0.0
OTU_281	2.0	10.0	3.0	7.0	0.0	2.0
OTU_282	0.0	1.0	4.0	2.0	3.0	0.0
OTU_283	0.0	6.0	3.0	18.0	0.0	0.0
OTU_284	1.0	2.0	1.0	0.0	0.0	0.0
OTU_286	0.0	0.0	4.0	1.0	17.0	1.0
OTU_287	15.0	6.0	1.0	1.0	0.0	0.0
OTU_288	0.0	0.0	0.0	0.0	0.0	0.0
OTU_289	0.0	4.0	3.0	0.0	0.0	0.0
OTU_290	0.0	14.0	0.0	7.0	1.0	0.0
OTU_291	1.0	1.0	0.0	0.0	12.0	1.0
OTU_292	1.0	3.0	3.0	4.0	0.0	0.0
OTU_293	3.0	8.0	1.0	0.0	0.0	0.0
OTU_294	0.0	1.0	2.0	3.0	3.0	0.0
OTU_295	0.0	8.0	6.0	3.0	2.0	2.0
OTU_296	0.0	0.0	1.0	1.0	0.0	2.0
OTU_297	3.0	1.0	2.0	5.0	2.0	1.0
OTU_298	6.0	5.0	3.0	0.0	1.0	0.0
OTU_299	3.0	9.0	0.0	0.0	1.0	0.0
OTU_300	0.0	1.0	3.0	1.0	4.0	0.0
OTU_301	1.0	4.0	2.0	0.0	2.0	2.0
OTU_302	41.0	183.0	64.0	155.0	26.0	46.0
OTU_303	2.0	3.0	1.0	0.0	1.0	0.0
OTU_304	4.0	1.0	3.0	4.0	3.0	0.0
OTU_305	0.0	5.0	2.0	3.0	1.0	0.0
OTU_306	3.0	1.0	0.0	1.0	1.0	2.0
OTU_307	0.0	2.0	3.0	0.0	17.0	0.0
OTU_308	12.0	0.0	0.0	1.0	1.0	0.0
OTU_309	0.0	0.0	0.0	0.0	0.0	1.0
OTU_310	0.0	7.0	1.0	6.0	1.0	1.0
OTU_311	0.0	5.0	1.0	0.0	6.0	1.0
OTU_312	5.0	5.0	2.0	1.0	3.0	0.0
OTU_313	0.0	9.0	0.0	0.0	1.0	0.0
OTU_314	0.0	9.0	1.0	2.0	1.0	1.0
OTU_315	0.0	0.0	0.0	1.0	0.0	0.0
OTU_316	10.0	215.0	9.0	5.0	4.0	7.0
OTU_317	0.0	9.0	0.0	1.0	0.0	0.0
OTU_318	0.0	2.0	0.0	1.0	0.0	0.0
OTU_319	0.0	0.0	0.0	0.0	0.0	0.0
OTU_320	1.0	10.0	1.0	0.0	0.0	0.0
OTU_321	1.0	0.0	0.0	4.0	0.0	0.0
OTU_322	0.0	4.0	5.0	0.0	3.0	0.0
OTU_323	0.0	0.0	0.0	0.0	0.0	0.0
OTU_324	0.0	0.0	0.0	0.0	1.0	1.0
OTU_325	16.0	705.0	22.0	98.0	32.0	72.0
OTU_326	0.0	1.0	2.0	2.0	4.0	0.0
OTU_327	16.0	1.0	0.0	0.0	0.0	0.0
OTU_328	0.0	0.0	0.0	1.0	0.0	1.0
OTU_329	14.0	7.0	5.0	4.0	4.0	1.0
OTU_330	0.0	21.0	0.0	7.0	1.0	0.0
OTU_331	0.0	0.0	0.0	0.0	1.0	0.0
OTU_332	4.0	3.0	2.0	2.0	4.0	0.0
OTU_333	1.0	1.0	1.0	1.0	0.0	0.0
OTU_334	0.0	10.0	0.0	0.0	0.0	0.0
OTU_335	0.0	6.0	0.0	3.0	0.0	1.0
OTU_336	0.0	6.0	2.0	4.0	3.0	0.0
OTU_337	0.0	2.0	0.0	8.0	0.0	0.0
OTU_338	10.0	3.0	1.0	0.0	2.0	0.0
OTU_339	1.0	3.0	4.0	0.0	5.0	0.0
OTU_340	1.0	0.0	4.0	3.0	1.0	0.0
OTU_341	2.0	15.0	1.0	2.0	3.0	0.0
OTU_342	1.0	7.0	0.0	1.0	0.0	1.0
OTU_343	0.0	0.0	0.0	0.0	0.0	1.0
OTU_344	0.0	4.0	0.0	0.0	9.0	0.0
OTU_345	0.0	0.0	0.0	0.0	0.0	1.0
OTU_346	0.0	3.0	4.0	3.0	3.0	0.0
OTU_347	0.0	0.0	0.0	0.0	0.0	0.0
OTU_348	5.0	2.0	1.0	0.0	5.0	1.0
OTU_349	0.0	7.0	0.0	1.0	0.0	0.0
OTU_350	2.0	3.0	3.0	2.0	1.0	0.0
OTU_351	0.0	2.0	0.0	1.0	4.0	0.0
OTU_352	0.0	0.0	2.0	0.0	0.0	0.0
OTU_353	0.0	2.0	0.0	10.0	1.0	31.0
OTU_354	2.0	1.0	1.0	6.0	0.0	1.0
OTU_355	0.0	1.0	1.0	0.0	0.0	0.0
OTU_356	10.0	0.0	0.0	0.0	0.0	0.0
OTU_357	0.0	0.0	0.0	0.0	0.0	0.0
OTU_358	0.0	3.0	0.0	3.0	1.0	0.0
OTU_359	0.0	3.0	1.0	0.0	2.0	2.0
OTU_360	0.0	1.0	0.0	3.0	5.0	0.0
OTU_361	0.0	4.0	0.0	2.0	0.0	0.0
OTU_362	6.0	1.0	3.0	10.0	1.0	0.0
OTU_363	3.0	0.0	0.0	0.0	9.0	0.0
OTU_364	2.0	1.0	0.0	0.0	3.0	0.0
OTU_365	9.0	89.0	43.0	38.0	169.0	16.0
OTU_366	1.0	7.0	0.0	0.0	0.0	0.0
OTU_367	7.0	1.0	1.0	0.0	0.0	0.0
OTU_368	1.0	4.0	0.0	0.0	1.0	0.0
OTU_369	4.0	17.0	8.0	16.0	4.0	1.0
OTU_370	4.0	9.0	0.0	0.0	0.0	0.0
OTU_371	1.0	3.0	0.0	3.0	7.0	0.0
OTU_372	1.0	0.0	0.0	5.0	0.0	0.0
OTU_374	0.0	4.0	0.0	0.0	1.0	0.0
OTU_375	0.0	0.0	11.0	0.0	0.0	0.0
OTU_376	2.0	0.0	5.0	2.0	1.0	0.0
OTU_377	239.0	65.0	74.0	46.0	9.0	10.0
OTU_378	0.0	1.0	0.0	2.0	10.0	0.0
OTU_379	0.0	0.0	4.0	1.0	1.0	1.0
OTU_380	2.0	0.0	0.0	0.0	3.0	0.0
OTU_381	0.0	0.0	1.0	4.0	0.0	0.0
OTU_382	0.0	7.0	2.0	0.0	2.0	0.0
OTU_383	12.0	5.0	2.0	0.0	1.0	0.0
OTU_384	5.0	7.0	0.0	0.0	2.0	0.0
OTU_385	0.0	0.0	0.0	0.0	0.0	1.0
OTU_386	0.0	3.0	0.0	0.0	0.0	2.0
OTU_387	0.0	0.0	0.0	7.0	1.0	0.0
OTU_389	0.0	0.0	0.0	0.0	0.0	0.0
OTU_390	0.0	5.0	0.0	2.0	6.0	1.0
OTU_391	0.0	9.0	0.0	0.0	0.0	1.0
OTU_392	0.0	0.0	0.0	1.0	7.0	0.0
OTU_393	0.0	6.0	0.0	0.0	0.0	0.0
OTU_394	7.0	3.0	0.0	0.0	0.0	0.0
OTU_395	6.0	4.0	5.0	2.0	2.0	0.0
OTU_396	5.0	63.0	58.0	14.0	258.0	14.0
OTU_397	0.0	0.0	0.0	6.0	0.0	0.0
OTU_398	9.0	5.0	1.0	1.0	7.0	0.0
OTU_399	1.0	0.0	0.0	0.0	0.0	0.0
OTU_400	0.0	4.0	0.0	4.0	0.0	0.0
OTU_401	0.0	6.0	0.0	0.0	0.0	0.0
OTU_402	1.0	1.0	3.0	5.0	0.0	0.0
OTU_403	0.0	5.0	1.0	0.0	0.0	0.0
OTU_404	1.0	7.0	0.0	4.0	0.0	0.0
OTU_405	0.0	7.0	0.0	3.0	0.0	1.0
OTU_406	133.0	31.0	43.0	35.0	57.0	1.0
OTU_407	0.0	1.0	0.0	0.0	0.0	0.0
OTU_408	2.0	3.0	4.0	9.0	0.0	0.0
OTU_409	1.0	15.0	2.0	5.0	5.0	0.0
OTU_410	11.0	2.0	16.0	11.0	0.0	0.0
OTU_411	2.0	42.0	2.0	5.0	1.0	1.0
OTU_412	0.0	3.0	0.0	0.0	1.0	0.0
OTU_413	0.0	3.0	0.0	1.0	0.0	0.0
OTU_414	34.0	11.0	2.0	3.0	16.0	1.0
OTU_415	0.0	4.0	0.0	0.0	0.0	1.0
OTU_416	0.0	0.0	0.0	0.0	0.0	0.0
OTU_417	0.0	1.0	4.0	8.0	0.0	0.0
OTU_418	0.0	1.0	6.0	3.0	4.0	0.0
OTU_419	8.0	7.0	7.0	4.0	15.0	0.0
OTU_420	0.0	0.0	0.0	1.0	3.0	0.0
OTU_421	0.0	0.0	0.0	0.0	0.0	0.0
OTU_422	0.0	1.0	0.0	0.0	0.0	2.0
OTU_423	0.0	4.0	0.0	0.0	0.0	0.0
OTU_424	0.0	2.0	6.0	6.0	8.0	0.0
OTU_425	0.0	3.0	0.0	1.0	1.0	1.0
OTU_426	2.0	0.0	2.0	1.0	0.0	0.0
OTU_427	1.0	1.0	0.0	2.0	8.0	0.0
OTU_428	3.0	0.0	0.0	1.0	4.0	0.0
OTU_429	1.0	3.0	0.0	1.0	0.0	0.0
OTU_430	0.0	3.0	2.0	5.0	1.0	2.0
OTU_431	0.0	4.0	0.0	1.0	0.0	0.0
OTU_432	145.0	24.0	25.0	32.0	151.0	19.0
OTU_433	2.0	0.0	0.0	0.0	0.0	0.0
OTU_434	0.0	4.0	3.0	0.0	1.0	0.0
OTU_435	4.0	99.0	16.0	35.0	5.0	40.0
OTU_436	0.0	0.0	4.0	2.0	3.0	0.0
OTU_437	3.0	0.0	0.0	0.0	0.0	0.0
OTU_438	0.0	10.0	0.0	4.0	1.0	1.0
OTU_439	7.0	117.0	9.0	146.0	6.0	12.0
OTU_440	0.0	0.0	0.0	0.0	0.0	1.0
OTU_441	1.0	3.0	0.0	1.0	0.0	0.0
OTU_442	0.0	5.0	1.0	0.0	0.0	0.0
OTU_443	0.0	1.0	0.0	0.0	5.0	0.0
OTU_444	0.0	0.0	0.0	0.0	0.0	0.0
OTU_445	2.0	0.0	0.0	2.0	0.0	0.0
OTU_446	0.0	3.0	1.0	0.0	0.0	0.0
OTU_447	0.0	3.0	0.0	0.0	1.0	0.0
OTU_448	37.0	13.0	239.0	6.0	2.0	2.0
OTU_449	1.0	1.0	0.0	1.0	0.0	0.0
OTU_450	0.0	4.0	0.0	0.0	1.0	0.0
OTU_451	1.0	2.0	0.0	0.0	0.0	0.0
OTU_452	0.0	0.0	0.0	2.0	0.0	0.0
OTU_453	0.0	3.0	0.0	0.0	0.0	0.0
OTU_454	1.0	2.0	0.0	0.0	0.0	0.0
OTU_455	0.0	0.0	1.0	0.0	0.0	0.0
OTU_456	0.0	2.0	2.0	0.0	0.0	2.0
OTU_457	0.0	0.0	0.0	0.0	0.0	0.0
OTU_458	0.0	4.0	0.0	0.0	0.0	0.0
OTU_459	0.0	3.0	1.0	1.0	2.0	0.0
OTU_460	1.0	2.0	1.0	3.0	0.0	0.0
OTU_461	0.0	0.0	0.0	0.0	0.0	0.0
OTU_462	45.0	37.0	36.0	149.0	86.0	7.0
OTU_463	0.0	5.0	1.0	0.0	0.0	0.0
OTU_465	2.0	10.0	57.0	5.0	44.0	1.0
OTU_466	0.0	10.0	0.0	1.0	0.0	0.0
OTU_467	1.0	0.0	1.0	1.0	1.0	0.0
OTU_468	1.0	0.0	0.0	2.0	0.0	0.0
OTU_469	1.0	16.0	6.0	7.0	3.0	7.0
OTU_470	0.0	2.0	1.0	1.0	1.0	0.0
OTU_471	3.0	0.0	0.0	0.0	2.0	0.0
OTU_472	0.0	0.0	0.0	0.0	0.0	2.0
OTU_473	5.0	3.0	0.0	0.0	4.0	0.0
OTU_474	0.0	3.0	0.0	0.0	0.0	0.0
OTU_475	4.0	1.0	0.0	0.0	0.0	0.0
OTU_476	1.0	0.0	3.0	0.0	0.0	0.0
OTU_477	0.0	2.0	1.0	0.0	0.0	0.0
OTU_478	0.0	3.0	0.0	2.0	0.0	0.0
OTU_479	57.0	96.0	68.0	44.0	174.0	10.0
OTU_480	2.0	1.0	0.0	0.0	1.0	0.0
OTU_481	18.0	8.0	2.0	3.0	33.0	2.0
OTU_482	0.0	2.0	3.0	1.0	4.0	0.0
OTU_483	0.0	0.0	0.0	0.0	0.0	0.0
OTU_484	0.0	0.0	1.0	0.0	3.0	0.0
OTU_485	0.0	0.0	1.0	0.0	0.0	0.0
OTU_486	4.0	21.0	1.0	14.0	0.0	0.0
OTU_487	0.0	1.0	0.0	1.0	0.0	1.0
OTU_488	2.0	0.0	0.0	0.0	0.0	0.0
OTU_489	0.0	4.0	2.0	0.0	1.0	0.0
OTU_490	0.0	5.0	0.0	2.0	0.0	1.0
OTU_491	0.0	3.0	0.0	0.0	0.0	0.0
OTU_492	0.0	1.0	0.0	1.0	1.0	0.0
OTU_493	0.0	2.0	2.0	0.0	0.0	0.0
OTU_494	0.0	4.0	0.0	0.0	0.0	0.0
OTU_495	1.0	0.0	0.0	0.0	0.0	0.0
OTU_496	0.0	2.0	0.0	0.0	0.0	1.0
OTU_497	0.0	1.0	1.0	1.0	0.0	0.0
OTU_498	0.0	0.0	0.0	0.0	0.0	0.0
OTU_499	18.0	14.0	69.0	15.0	16.0	9.0
OTU_500	0.0	1.0	1.0	0.0	0.0	0.0
OTU_501	0.0	2.0	0.0	1.0	0.0	1.0
OTU_502	50.0	23.0	2.0	2.0	5.0	1.0
OTU_503	0.0	0.0	0.0	0.0	0.0	0.0
OTU_504	0.0	0.0	2.0	0.0	0.0	0.0
OTU_505	0.0	2.0	0.0	0.0	0.0	0.0
OTU_506	0.0	0.0	1.0	0.0	0.0	0.0
OTU_507	2.0	0.0	0.0	0.0	0.0	0.0
OTU_508	1.0	1.0	0.0	2.0	1.0	0.0
OTU_509	0.0	2.0	0.0	0.0	0.0	0.0
OTU_510	0.0	0.0	1.0	1.0	0.0	0.0
OTU_511	1.0	0.0	0.0	0.0	0.0	0.0
OTU_512	0.0	0.0	1.0	0.0	0.0	0.0
OTU_513	0.0	11.0	0.0	7.0	1.0	1.0
OTU_514	4.0	13.0	16.0	4.0	5.0	2.0
OTU_515	2.0	1.0	2.0	1.0	0.0	1.0
OTU_516	177.0	5.0	37.0	5.0	36.0	0.0
OTU_517	0.0	2.0	0.0	0.0	0.0	0.0
OTU_518	0.0	2.0	0.0	2.0	1.0	0.0
OTU_519	2.0	3.0	1.0	0.0	0.0	0.0
OTU_520	0.0	0.0	1.0	0.0	0.0	0.0
OTU_521	0.0	0.0	1.0	2.0	0.0	0.0
OTU_522	0.0	2.0	0.0	0.0	0.0	0.0
OTU_523	0.0	12.0	5.0	5.0	1.0	0.0
OTU_524	0.0	0.0	0.0	0.0	0.0	0.0
OTU_525	0.0	2.0	2.0	0.0	1.0	0.0
OTU_526	3.0	3.0	0.0	0.0	0.0	0.0
OTU_527	0.0	2.0	1.0	0.0	0.0	0.0
OTU_528	1.0	1.0	3.0	2.0	3.0	0.0
OTU_529	0.0	1.0	0.0	0.0	0.0	0.0
OTU_530	0.0	1.0	1.0	0.0	0.0	0.0
OTU_531	0.0	0.0	0.0	1.0	0.0	0.0
OTU_532	407.0	46.0	389.0	39.0	330.0	19.0
OTU_533	0.0	2.0	2.0	1.0	0.0	0.0
OTU_534	45.0	24.0	18.0	7.0	15.0	0.0
OTU_535	0.0	2.0	0.0	0.0	0.0	0.0
OTU_536	6.0	16.0	90.0	5.0	107.0	9.0
OTU_537	0.0	1.0	0.0	2.0	0.0	0.0
OTU_538	2.0	67.0	3.0	7.0	1.0	1.0
OTU_539	0.0	2.0	1.0	2.0	1.0	0.0
OTU_540	0.0	2.0	0.0	0.0	0.0	0.0
OTU_541	1.0	2.0	0.0	1.0	0.0	0.0
OTU_542	0.0	2.0	0.0	0.0	0.0	0.0
OTU_543	0.0	2.0	0.0	0.0	0.0	0.0
OTU_544	0.0	0.0	0.0	0.0	0.0	0.0
OTU_545	0.0	0.0	0.0	3.0	1.0	0.0
OTU_546	3.0	0.0	0.0	0.0	2.0	2.0
OTU_547	0.0	3.0	0.0	0.0	5.0	0.0
OTU_548	0.0	2.0	0.0	0.0	0.0	0.0
OTU_549	0.0	0.0	0.0	0.0	0.0	0.0
OTU_550	0.0	4.0	1.0	1.0	0.0	0.0
OTU_551	64.0	4.0	8.0	1.0	18.0	1.0
OTU_552	0.0	2.0	0.0	1.0	2.0	0.0
OTU_553	2.0	0.0	0.0	0.0	0.0	0.0
OTU_554	2.0	2.0	1.0	0.0	0.0	0.0
OTU_555	0.0	4.0	0.0	0.0	0.0	0.0
OTU_556	0.0	5.0	4.0	5.0	16.0	0.0
OTU_557	1.0	2.0	0.0	0.0	0.0	0.0
OTU_558	31.0	1.0	4.0	3.0	3.0	0.0
OTU_559	0.0	0.0	0.0	0.0	0.0	0.0
OTU_561	0.0	0.0	1.0	2.0	0.0	0.0
OTU_562	3.0	0.0	1.0	1.0	0.0	0.0
OTU_563	0.0	0.0	0.0	0.0	4.0	0.0
OTU_564	0.0	2.0	0.0	0.0	0.0	0.0
OTU_565	1.0	2.0	0.0	1.0	0.0	1.0
OTU_566	0.0	0.0	0.0	0.0	1.0	0.0
OTU_567	0.0	2.0	0.0	0.0	0.0	0.0
OTU_568	1.0	0.0	1.0	0.0	0.0	0.0
OTU_569	0.0	2.0	0.0	0.0	0.0	0.0
OTU_570	0.0	1.0	2.0	0.0	0.0	0.0
OTU_571	0.0	3.0	1.0	1.0	0.0	0.0
OTU_572	2.0	0.0	0.0	0.0	0.0	0.0
OTU_573	0.0	0.0	1.0	1.0	0.0	0.0
OTU_574	0.0	0.0	0.0	0.0	2.0	0.0
OTU_575	0.0	0.0	2.0	0.0	0.0	0.0
OTU_576	4.0	0.0	0.0	1.0	0.0	0.0
OTU_577	0.0	1.0	0.0	0.0	1.0	0.0
OTU_578	9.0	100.0	6.0	7.0	7.0	2.0
OTU_579	1.0	0.0	0.0	1.0	0.0	0.0
OTU_580	0.0	0.0	0.0	0.0	2.0	0.0
OTU_581	1.0	0.0	2.0	0.0	0.0	0.0
OTU_582	0.0	0.0	0.0	1.0	0.0	0.0
OTU_583	0.0	0.0	2.0	0.0	0.0	0.0
OTU_584	0.0	2.0	0.0	0.0	0.0	0.0
OTU_585	0.0	0.0	0.0	0.0	0.0	0.0
OTU_586	0.0	1.0	0.0	3.0	0.0	0.0
OTU_587	0.0	3.0	0.0	0.0	0.0	0.0
OTU_588	0.0	2.0	0.0	0.0	0.0	0.0
OTU_589	0.0	0.0	0.0	0.0	3.0	0.0
OTU_590	0.0	0.0	0.0	0.0	0.0	0.0
OTU_591	0.0	1.0	0.0	3.0	0.0	0.0
OTU_592	1.0	1.0	0.0	0.0	0.0	0.0
OTU_593	0.0	0.0	2.0	0.0	0.0	0.0
OTU_594	0.0	0.0	0.0	0.0	0.0	0.0
OTU_595	1.0	0.0	0.0	0.0	1.0	0.0
OTU_596	0.0	1.0	0.0	0.0	0.0	0.0
OTU_597	1.0	0.0	0.0	0.0	0.0	0.0
OTU_598	0.0	0.0	0.0	1.0	0.0	0.0
OTU_599	1.0	2.0	0.0	0.0	0.0	0.0
OTU_600	1.0	3.0	1.0	0.0	3.0	0.0
OTU_601	0.0	3.0	0.0	0.0	0.0	0.0
OTU_602	7.0	5.0	11.0	12.0	5.0	0.0
OTU_603	0.0	0.0	0.0	0.0	0.0	0.0
OTU_604	0.0	2.0	0.0	0.0	0.0	0.0
OTU_605	0.0	0.0	2.0	0.0	0.0	0.0
OTU_606	2.0	2.0	1.0	0.0	0.0	0.0
OTU_607	0.0	0.0	0.0	0.0	0.0	0.0
OTU_608	1.0	1.0	0.0	0.0	0.0	0.0
OTU_609	0.0	0.0	2.0	0.0	0.0	0.0
OTU_610	0.0	17.0	0.0	0.0	89.0	0.0
OTU_611	0.0	2.0	0.0	0.0	0.0	0.0
OTU_612	0.0	0.0	0.0	0.0	0.0	1.0
OTU_613	0.0	0.0	0.0	0.0	0.0	0.0
OTU_614	0.0	1.0	13.0	1.0	0.0	0.0
OTU_615	0.0	1.0	0.0	0.0	1.0	0.0
OTU_616	1.0	0.0	0.0	0.0	0.0	0.0
OTU_617	1.0	6.0	5.0	1.0	5.0	0.0
OTU_618	0.0	0.0	0.0	3.0	0.0	0.0
OTU_619	0.0	0.0	0.0	2.0	0.0	0.0
OTU_620	0.0	0.0	0.0	0.0	1.0	0.0
OTU_621	107.0	63.0	156.0	44.0	125.0	2.0
OTU_622	4.0	1.0	0.0	0.0	1.0	0.0
OTU_623	146.0	8.0	6.0	3.0	8.0	1.0
OTU_624	0.0	2.0	0.0	0.0	0.0	0.0
OTU_625	0.0	0.0	3.0	0.0	0.0	0.0
OTU_626	0.0	1.0	0.0	0.0	0.0	0.0
OTU_627	0.0	0.0	0.0	2.0	2.0	0.0
OTU_628	42.0	15.0	4.0	3.0	8.0	0.0
OTU_630	0.0	1.0	0.0	1.0	0.0	0.0
OTU_631	85.0	1320.0	191.0	457.0	420.0	26.0
OTU_632	0.0	0.0	0.0	0.0	0.0	0.0
OTU_633	5.0	0.0	0.0	0.0	2.0	0.0
OTU_634	0.0	3.0	0.0	0.0	1.0	0.0
OTU_635	0.0	1.0	0.0	1.0	0.0	0.0
OTU_636	0.0	6.0	0.0	0.0	0.0	0.0
OTU_637	0.0	0.0	1.0	0.0	1.0	0.0
OTU_638	1.0	1.0	0.0	0.0	0.0	0.0
OTU_639	0.0	1.0	0.0	1.0	0.0	0.0
OTU_640	0.0	0.0	0.0	0.0	5.0	1.0
OTU_641	0.0	1.0	2.0	0.0	1.0	0.0
OTU_642	0.0	0.0	0.0	0.0	0.0	1.0
OTU_643	0.0	2.0	0.0	1.0	0.0	0.0
OTU_644	0.0	2.0	0.0	0.0	0.0	0.0
OTU_645	0.0	2.0	0.0	0.0	1.0	0.0
OTU_646	1.0	2.0	0.0	0.0	0.0	0.0
OTU_647	0.0	3.0	0.0	0.0	0.0	0.0
OTU_648	4.0	0.0	1.0	0.0	1.0	0.0
OTU_649	1.0	0.0	0.0	1.0	0.0	0.0
