Eigvals	6
0.2294600200351145	0.0339238594071737	0.018736315451453926	0.005874725729816317	0.0004946701595222296	0.0

Proportion explained	6
0.7953840532417985	0.1175912770893752	0.06494624433621947	0.020363735529832703	0.0017146898027741286	0.0

Species	0	0

Site	6	6
Top2	-0.17718770448647142	0.14282765578071657	0.031053090520831786	-0.013738755369759678	-0.00239283336284131	-0.0
Fine2	0.03004277379442668	0.018063721247750863	-0.11896162836631295	-0.0020552505267432608	0.005615390334259779	-0.0
Top3	-0.10482728526790244	-0.09711134881549999	0.01092031928998758	-0.05207943518136231	-0.004414815292147007	-0.0
Fine3	0.2216066843463782	-0.003790156588976222	0.0006056163374783304	0.02471152735620521	-0.015959830260567555	-0.0
Top4	-0.24616246001334172	-0.06124753907617371	0.021112353664084253	0.04829561318310305	0.004327041345628403	-0.0
Fine4	0.2765279916269106	0.0012576674521823645	0.055270248553931305	-0.0051336994614431045	0.012825047235668354	-0.0
